T_A[K] T_B[K] Setpoint[K] SR860x[V] SR860y[V] SR860f[Hz] SR860sin[V] SR860theta[deg] SR860phase[deg] SR860mag[V] HTR CNT DateTime
298.750000 298.830000 300.000000 0.000066 -0.000007 5032.00 0.600000 -6.34 90.00 0.000066 +000.0 1 2025-05-07_15:34:04.942397
298.750000 298.830000 300.000000 0.000066 -0.000007 5032.00 0.600000 -6.33 90.00 0.000066 +000.0 2 2025-05-07_15:34:10.017910
298.750000 298.830000 300.000000 0.000066 -0.000007 5032.00 0.600000 -6.34 90.00 0.000066 +000.0 3 2025-05-07_15:34:15.109853
298.750000 298.830000 300.000000 0.000066 -0.000007 5032.00 0.600000 -6.34 90.00 0.000066 +000.0 4 2025-05-07_15:34:20.194052
298.750000 298.830000 300.000000 0.000066 -0.000007 5032.00 0.600000 -6.34 90.00 0.000066 +000.0 5 2025-05-07_15:34:25.273244
298.740000 298.830000 300.000000 0.000066 -0.000007 5032.00 0.600000 -6.33 90.00 0.000066 +000.0 6 2025-05-07_15:34:30.367556
298.750000 298.830000 300.000000 0.000066 -0.000007 5032.00 0.600000 -6.34 90.00 0.000066 +000.0 7 2025-05-07_15:34:35.456958
298.750000 298.830000 300.000000 0.000066 -0.000007 5032.00 0.600000 -6.32 90.00 0.000066 +000.0 8 2025-05-07_15:34:40.537986
298.740000 298.830000 300.000000 0.000066 -0.000007 5032.00 0.600000 -6.33 90.00 0.000066 +000.0 9 2025-05-07_15:34:45.602861
298.740000 298.830000 300.000000 0.000066 -0.000007 5032.00 0.600000 -6.33 90.00 0.000066 +000.0 10 2025-05-07_15:34:50.695432
298.750000 298.830000 300.000000 0.000066 -0.000007 5032.00 0.600000 -6.34 90.00 0.000066 +000.0 11 2025-05-07_15:34:55.777020
298.740000 298.830000 300.000000 0.000066 -0.000007 5032.00 0.600000 -6.35 90.00 0.000066 +000.0 12 2025-05-07_15:35:00.864040
298.750000 298.820000 300.000000 0.000066 -0.000007 5032.00 0.600000 -6.33 90.00 0.000066 +000.0 13 2025-05-07_15:35:05.951335
298.750000 298.830000 300.000000 0.000066 -0.000007 5032.00 0.600000 -6.34 90.00 0.000066 +000.0 14 2025-05-07_15:35:11.036915
298.740000 298.820000 300.000000 0.000066 -0.000007 5032.00 0.600000 -6.33 90.00 0.000066 +000.0 15 2025-05-07_15:35:16.125773
298.740000 298.830000 300.000000 0.000066 -0.000007 5032.00 0.600000 -6.32 90.00 0.000066 +000.0 16 2025-05-07_15:35:21.211947
298.740000 298.830000 300.000000 0.000066 -0.000007 5032.00 0.600000 -6.36 90.00 0.000066 +000.0 17 2025-05-07_15:35:26.294666
298.740000 298.830000 300.000000 0.000066 -0.000007 5032.00 0.600000 -6.34 90.00 0.000066 +000.0 18 2025-05-07_15:35:31.368785
298.740000 298.820000 300.000000 0.000066 -0.000007 5032.00 0.600000 -6.34 90.00 0.000066 +000.0 19 2025-05-07_15:35:36.451901
298.740000 298.830000 300.000000 0.000066 -0.000007 5032.00 0.600000 -6.34 90.00 0.000066 +000.0 20 2025-05-07_15:35:41.534505
298.740000 298.830000 300.000000 0.000066 -0.000007 5032.00 0.600000 -6.32 90.00 0.000066 +000.0 21 2025-05-07_15:35:46.610127
298.750000 298.820000 300.000000 0.000066 -0.000007 5032.00 0.600000 -6.34 90.00 0.000066 +000.0 22 2025-05-07_15:35:51.697024
298.730000 298.820000 300.000000 0.000066 -0.000007 5032.00 0.600000 -6.35 90.00 0.000066 +000.0 23 2025-05-07_15:35:56.769551
298.740000 298.820000 300.000000 0.000066 -0.000007 5032.00 0.600000 -6.34 90.00 0.000066 +000.0 24 2025-05-07_15:36:01.866306
298.740000 298.830000 300.000000 0.000066 -0.000007 5032.00 0.600000 -6.36 90.00 0.000066 +000.0 25 2025-05-07_15:36:06.965131
298.750000 298.820000 300.000000 0.000066 -0.000007 5032.00 0.600000 -6.33 90.00 0.000066 +000.0 26 2025-05-07_15:36:12.057421
298.730000 298.830000 300.000000 0.000066 -0.000007 5032.00 0.600000 -6.35 90.00 0.000066 +000.0 27 2025-05-07_15:36:17.143898
298.740000 298.830000 300.000000 0.000066 -0.000007 5032.00 0.600000 -6.34 90.00 0.000066 +000.0 28 2025-05-07_15:36:22.227325
298.740000 298.820000 300.000000 0.000066 -0.000007 5032.00 0.600000 -6.34 90.00 0.000066 +000.0 29 2025-05-07_15:36:27.312977
298.730000 298.820000 300.000000 0.000066 -0.000007 5032.00 0.600000 -6.34 90.00 0.000066 +000.0 30 2025-05-07_15:36:32.398997
298.740000 298.820000 300.000000 0.000066 -0.000007 5032.00 0.600000 -6.35 90.00 0.000066 +000.0 31 2025-05-07_15:36:37.473169
298.740000 298.820000 300.000000 0.000066 -0.000007 5032.00 0.600000 -6.35 90.00 0.000066 +000.0 32 2025-05-07_15:36:42.575256
298.740000 298.820000 300.000000 0.000066 -0.000007 5032.00 0.600000 -6.33 90.00 0.000066 +000.0 33 2025-05-07_15:36:47.664620
298.730000 298.820000 300.000000 0.000066 -0.000007 5032.00 0.600000 -6.34 90.00 0.000066 +000.0 34 2025-05-07_15:36:52.763017
298.740000 298.820000 300.000000 0.000066 -0.000007 5032.00 0.600000 -6.35 90.00 0.000066 +000.0 35 2025-05-07_15:36:57.841212
298.740000 298.820000 300.000000 0.000066 -0.000007 5032.00 0.600000 -6.33 90.00 0.000066 +000.0 36 2025-05-07_15:37:02.930276
298.730000 298.820000 300.000000 0.000066 -0.000007 5032.00 0.600000 -6.36 90.00 0.000066 +000.0 37 2025-05-07_15:37:08.005658
298.740000 298.820000 300.000000 0.000066 -0.000007 5032.00 0.600000 -6.34 90.00 0.000066 +000.0 38 2025-05-07_15:37:13.083510
298.740000 298.820000 300.000000 0.000066 -0.000007 5032.00 0.600000 -6.34 90.00 0.000066 +000.0 39 2025-05-07_15:37:18.167469
298.730000 298.820000 300.000000 0.000066 -0.000007 5032.00 0.600000 -6.33 90.00 0.000066 +000.0 40 2025-05-07_15:37:23.260904
298.730000 298.820000 300.000000 0.000066 -0.000007 5032.00 0.600000 -6.35 90.00 0.000066 +000.0 41 2025-05-07_15:37:28.338688
298.730000 298.820000 300.000000 0.000066 -0.000007 5032.00 0.600000 -6.33 90.00 0.000066 +000.0 42 2025-05-07_15:37:33.415235
298.730000 298.820000 300.000000 0.000066 -0.000007 5032.00 0.600000 -6.34 90.00 0.000066 +000.0 43 2025-05-07_15:37:38.499623
298.740000 298.820000 300.000000 0.000066 -0.000007 5032.00 0.600000 -6.35 90.00 0.000066 +000.0 44 2025-05-07_15:37:43.579119
298.740000 298.810000 300.000000 0.000066 -0.000007 5032.00 0.600000 -6.33 90.00 0.000066 +000.0 45 2025-05-07_15:37:48.674265
298.740000 298.820000 300.000000 0.000066 -0.000007 5032.00 0.600000 -6.35 90.00 0.000066 +000.0 46 2025-05-07_15:37:53.762546
298.730000 298.820000 300.000000 0.000066 -0.000007 5032.00 0.600000 -6.33 90.00 0.000066 +000.0 47 2025-05-07_15:37:58.859399
298.730000 298.820000 300.000000 0.000066 -0.000007 5032.00 0.600000 -6.35 90.00 0.000066 +000.0 48 2025-05-07_15:38:03.930264
298.740000 298.810000 300.000000 0.000066 -0.000007 5032.00 0.600000 -6.35 90.00 0.000066 +000.0 49 2025-05-07_15:38:09.012465
298.730000 298.810000 300.000000 0.000066 -0.000007 5032.00 0.600000 -6.31 90.00 0.000066 +000.0 50 2025-05-07_15:38:14.084945
298.720000 298.820000 300.000000 0.000066 -0.000007 5032.00 0.600000 -6.36 90.00 0.000066 +000.0 51 2025-05-07_15:38:19.168628
298.730000 298.820000 300.000000 0.000066 -0.000007 5032.00 0.600000 -6.33 90.00 0.000066 +000.0 52 2025-05-07_15:38:24.266256
298.730000 298.820000 300.000000 0.000066 -0.000007 5032.00 0.600000 -6.33 90.00 0.000066 +000.0 53 2025-05-07_15:38:29.350992
298.730000 298.820000 300.000000 0.000066 -0.000007 5032.00 0.600000 -6.35 90.00 0.000066 +000.0 54 2025-05-07_15:38:34.448641
298.730000 298.810000 300.000000 0.000066 -0.000007 5032.00 0.600000 -6.35 90.00 0.000066 +000.0 55 2025-05-07_15:38:39.525871
298.740000 298.810000 300.000000 0.000066 -0.000007 5032.00 0.600000 -6.35 90.00 0.000066 +000.0 56 2025-05-07_15:38:44.615445
298.720000 298.810000 300.000000 0.000066 -0.000007 5032.00 0.600000 -6.34 90.00 0.000066 +000.0 57 2025-05-07_15:38:49.701532
298.730000 298.810000 300.000000 0.000066 -0.000007 5032.00 0.600000 -6.36 90.00 0.000066 +000.0 58 2025-05-07_15:38:54.786410
298.730000 298.820000 300.000000 0.000066 -0.000007 5032.00 0.600000 -6.34 90.00 0.000066 +000.0 59 2025-05-07_15:38:59.870457
298.730000 298.820000 300.000000 0.000066 -0.000007 5032.00 0.600000 -6.34 90.00 0.000066 +000.0 60 2025-05-07_15:39:04.958667
298.720000 298.820000 300.000000 0.000066 -0.000007 5032.00 0.600000 -6.36 90.00 0.000066 +000.0 61 2025-05-07_15:39:10.036033
298.730000 298.820000 300.000000 0.000066 -0.000007 5032.00 0.600000 -6.34 90.00 0.000066 +000.0 62 2025-05-07_15:39:15.114709
298.730000 298.810000 300.000000 0.000066 -0.000007 5032.00 0.600000 -6.35 90.00 0.000066 +000.0 63 2025-05-07_15:39:20.202108
298.730000 298.820000 300.000000 0.000066 -0.000007 5032.00 0.600000 -6.35 90.00 0.000066 +000.0 64 2025-05-07_15:39:25.272184
298.730000 298.810000 300.000000 0.000066 -0.000007 5032.00 0.600000 -6.34 90.00 0.000066 +000.0 65 2025-05-07_15:39:30.357623
298.730000 298.820000 300.000000 0.000066 -0.000007 5032.00 0.600000 -6.36 90.00 0.000066 +000.0 66 2025-05-07_15:39:35.433973
298.730000 298.810000 300.000000 0.000066 -0.000007 5032.00 0.600000 -6.35 90.00 0.000066 +000.0 67 2025-05-07_15:39:40.519109
298.730000 298.800000 300.000000 0.000066 -0.000007 5032.00 0.600000 -6.34 90.00 0.000066 +000.0 68 2025-05-07_15:39:45.602546
298.730000 298.810000 300.000000 0.000066 -0.000007 5032.00 0.600000 -6.34 90.00 0.000066 +000.0 69 2025-05-07_15:39:50.676943
298.720000 298.810000 300.000000 0.000066 -0.000007 5032.00 0.600000 -6.34 90.00 0.000066 +000.0 70 2025-05-07_15:39:55.762392
298.730000 298.810000 300.000000 0.000066 -0.000007 5032.00 0.600000 -6.34 90.00 0.000066 +000.0 71 2025-05-07_15:40:00.833785
298.730000 298.810000 300.000000 0.000066 -0.000007 5032.00 0.600000 -6.36 90.00 0.000066 +000.0 72 2025-05-07_15:40:05.910097
298.720000 298.810000 300.000000 0.000066 -0.000007 5032.00 0.600000 -6.35 90.00 0.000066 +000.0 73 2025-05-07_15:40:10.986908
298.730000 298.810000 300.000000 0.000066 -0.000007 5032.00 0.600000 -6.36 90.00 0.000066 +000.0 74 2025-05-07_15:40:16.073991
298.730000 298.810000 300.000000 0.000066 -0.000007 5032.00 0.600000 -6.36 90.00 0.000066 +000.0 75 2025-05-07_15:40:21.164194
298.730000 298.800000 300.000000 0.000066 -0.000007 5032.00 0.600000 -6.34 90.00 0.000066 +000.0 76 2025-05-07_15:40:26.235096
298.720000 298.810000 300.000000 0.000066 -0.000007 5032.00 0.600000 -6.36 90.00 0.000066 +000.0 77 2025-05-07_15:40:31.327690
298.720000 298.810000 300.000000 0.000066 -0.000007 5032.00 0.600000 -6.36 90.00 0.000066 +000.0 78 2025-05-07_15:40:36.409227
298.720000 298.810000 300.000000 0.000066 -0.000007 5032.00 0.600000 -6.35 90.00 0.000066 +000.0 79 2025-05-07_15:40:41.504555
298.720000 298.800000 300.000000 0.000066 -0.000007 5032.00 0.600000 -6.35 90.00 0.000066 +000.0 80 2025-05-07_15:40:46.580721
298.720000 298.800000 300.000000 0.000066 -0.000007 5032.00 0.600000 -6.33 90.00 0.000066 +000.0 81 2025-05-07_15:40:51.674852
298.730000 298.800000 300.000000 0.000066 -0.000007 5032.00 0.600000 -6.34 90.00 0.000066 +000.0 82 2025-05-07_15:40:56.763869
298.720000 298.810000 300.000000 0.000066 -0.000007 5032.00 0.600000 -6.36 90.00 0.000066 +000.0 83 2025-05-07_15:41:01.835755
298.720000 298.800000 300.000000 0.000066 -0.000007 5032.00 0.600000 -6.33 90.00 0.000066 +000.0 84 2025-05-07_15:41:06.915799
298.720000 298.810000 300.000000 0.000066 -0.000007 5032.00 0.600000 -6.35 90.00 0.000066 +000.0 85 2025-05-07_15:41:11.988185
298.720000 298.800000 300.000000 0.000066 -0.000007 5032.00 0.600000 -6.35 90.00 0.000066 +000.0 86 2025-05-07_15:41:17.073531
298.710000 298.800000 300.000000 0.000066 -0.000007 5032.00 0.600000 -6.34 90.00 0.000066 +000.0 87 2025-05-07_15:41:22.158965
298.720000 298.810000 300.000000 0.000066 -0.000007 5032.00 0.600000 -6.36 90.00 0.000066 +000.0 88 2025-05-07_15:41:27.243756
298.720000 298.810000 300.000000 0.000066 -0.000007 5032.00 0.600000 -6.34 90.00 0.000066 +000.0 89 2025-05-07_15:41:32.320034
298.710000 298.800000 300.000000 0.000066 -0.000007 5032.00 0.600000 -6.36 90.00 0.000066 +000.0 90 2025-05-07_15:41:37.411736
298.710000 298.800000 300.000000 0.000066 -0.000007 5032.00 0.600000 -6.35 90.00 0.000066 +000.0 91 2025-05-07_15:41:42.504802
298.710000 298.800000 300.000000 0.000066 -0.000007 5032.00 0.600000 -6.32 90.00 0.000066 +000.0 92 2025-05-07_15:41:47.586604
298.710000 298.800000 300.000000 0.000066 -0.000007 5032.00 0.600000 -6.33 90.00 0.000066 +000.0 93 2025-05-07_15:41:52.672889
298.710000 298.800000 300.000000 0.000066 -0.000007 5032.00 0.600000 -6.36 90.00 0.000066 +000.0 94 2025-05-07_15:41:57.766632
298.710000 298.800000 300.000000 0.000066 -0.000007 5032.00 0.600000 -6.34 90.00 0.000066 +000.0 95 2025-05-07_15:42:02.857573
298.710000 298.790000 300.000000 0.000066 -0.000007 5032.00 0.600000 -6.35 90.00 0.000066 +000.0 96 2025-05-07_15:42:07.939217
298.710000 298.800000 300.000000 0.000066 -0.000007 5032.00 0.600000 -6.33 90.00 0.000066 +000.0 97 2025-05-07_15:42:13.011970
298.710000 298.800000 300.000000 0.000066 -0.000007 5032.00 0.600000 -6.33 90.00 0.000066 +000.0 98 2025-05-07_15:42:18.088487
298.700000 298.800000 300.000000 0.000066 -0.000007 5032.00 0.600000 -6.35 90.00 0.000066 +000.0 99 2025-05-07_15:42:23.173989
298.710000 298.790000 300.000000 0.000066 -0.000007 5032.00 0.600000 -6.34 90.00 0.000066 +000.0 100 2025-05-07_15:42:28.260318
298.710000 298.790000 300.000000 0.000066 -0.000007 5032.00 0.600000 -6.36 90.00 0.000066 +000.0 101 2025-05-07_15:42:33.331821
298.700000 298.790000 300.000000 0.000066 -0.000007 5032.00 0.600000 -6.34 90.00 0.000066 +000.0 102 2025-05-07_15:42:38.407719
298.710000 298.790000 300.000000 0.000066 -0.000007 5032.00 0.600000 -6.35 90.00 0.000066 +000.0 103 2025-05-07_15:42:43.489079
298.710000 298.790000 300.000000 0.000066 -0.000007 5032.00 0.600000 -6.34 90.00 0.000066 +000.0 104 2025-05-07_15:42:48.572841
298.710000 298.790000 300.000000 0.000066 -0.000007 5032.00 0.600000 -6.35 90.00 0.000066 +000.0 105 2025-05-07_15:42:53.641056
298.710000 298.790000 300.000000 0.000066 -0.000007 5032.00 0.600000 -6.33 90.00 0.000066 +000.0 106 2025-05-07_15:42:58.715256
298.700000 298.790000 300.000000 0.000066 -0.000007 5032.00 0.600000 -6.34 90.00 0.000066 +000.0 107 2025-05-07_15:43:03.807515
298.700000 298.790000 300.000000 0.000066 -0.000007 5032.00 0.600000 -6.34 90.00 0.000066 +000.0 108 2025-05-07_15:43:08.885939
298.700000 298.780000 300.000000 0.000066 -0.000007 5032.00 0.600000 -6.34 90.00 0.000066 +000.0 109 2025-05-07_15:43:13.977639
298.710000 298.790000 300.000000 0.000066 -0.000007 5032.00 0.600000 -6.33 90.00 0.000066 +000.0 110 2025-05-07_15:43:19.054114
298.700000 298.790000 300.000000 0.000066 -0.000007 5032.00 0.600000 -6.32 90.00 0.000066 +000.0 111 2025-05-07_15:43:24.139244
298.700000 298.790000 300.000000 0.000066 -0.000007 5032.00 0.600000 -6.35 90.00 0.000066 +000.0 112 2025-05-07_15:43:29.212229
298.700000 298.790000 300.000000 0.000066 -0.000007 5032.00 0.600000 -6.35 90.00 0.000066 +000.0 113 2025-05-07_15:43:34.307418
298.700000 298.780000 300.000000 0.000066 -0.000007 5032.00 0.600000 -6.35 90.00 0.000066 +000.0 114 2025-05-07_15:43:39.385246
298.700000 298.790000 300.000000 0.000066 -0.000007 5032.00 0.600000 -6.35 90.00 0.000066 +000.0 115 2025-05-07_15:43:44.475953
298.700000 298.780000 300.000000 0.000066 -0.000007 5032.00 0.600000 -6.35 90.00 0.000066 +000.0 116 2025-05-07_15:43:49.560933
